GG2H_PTH_0_20: 1.007480
GG2H_PTH_20_45: 1.008186
GG2H_PTH_45_80: 1.007495
GG2H_PTH_80_120: 1.006546
GG2H_PTH_120_200: 1.006415
GG2H_PTH_GT200: 1.015138
GG2H_NJETS_0: 1.007286
GG2H_NJETS_1: 1.008056
GG2H_NJETS_2: 1.008352
GG2H_NJETS_3: 1.011673
GG2H_NJETS_GT3: 1.011036
