cHW: 37.91602110930781
tcHW: 99.36538661899701
cWW: -22.804115127727442
