cHW: 53.14687201234783
cWW: 1.1363581529909723
