GG2H_PTH_0_20:1 + 56.292415 * cG + 792.209000 * cG * cG + 121749.199046 * cG * tcG + 792.209510 * tcG * tcG
GG2H_PTH_20_45:1 + 56.292413 * cG + 792.208933 * cG * cG + 121749.223611 * cG * tcG -0.000556 * tcG + 792.209784 * tcG * tcG
GG2H_PTH_45_80:1 + 56.292419 * cG + 792.209116 * cG * cG + 121749.199185 * cG * tcG -0.000391 * tcG + 792.209590 * tcG * tcG
GG2H_PTH_80_120:1 + 56.292426 * cG + 792.209367 * cG * cG + 121749.187549 * cG * tcG + 792.209435 * tcG * tcG
GG2H_PTH_120_200:1 + 56.292427 * cG + 792.209392 * cG * cG + 121749.206593 * cG * tcG + 0.000411 * tcG + 792.209468 * tcG * tcG
GG2H_PTH_GT200:1 + 56.292408 * cG + 792.208760 * cG * cG + 121749.212302 * cG * tcG + 0.000303 * tcG + 792.209528 * tcG * tcG
Total:1 + 56.292412 * cG + 792.208906 * cG * cG + 121749.236217 * cG * tcG -0.001887 * tcG + 792.210149 * tcG * tcG
0j:1 + 56.292416 * cG + 792.209042 * cG * cG + 121749.224780 * cG * tcG -0.001144 * tcG + 792.209916 * tcG * tcG
1j:1 + 56.292424 * cG + 792.209272 * cG * cG + 121749.163775 * cG * tcG + 0.000265 * tcG + 792.209220 * tcG * tcG
2j:1 + 56.292419 * cG + 792.209132 * cG * cG + 121749.194626 * cG * tcG + 0.000383 * tcG + 792.209396 * tcG * tcG
3j:1 + 56.292421 * cG + 792.209189 * cG * cG + 121749.169392 * cG * tcG + 0.000262 * tcG + 792.209257 * tcG * tcG
>3j:1 + 56.292424 * cG + 792.209315 * cG * cG + 121749.198447 * cG * tcG -0.000607 * tcG + 792.209631 * tcG * tcG
Total:1 + 56.292412 * cG + 792.208906 * cG * cG + 121749.236217 * cG * tcG -0.001887 * tcG + 792.210149 * tcG * tcG
