c2G: -0.04383466754539574
c3G: -0.09855341279512646
cG: 0.002209666562692946
tc3G: 0.1745160786471864
tcG: 0.2541020090849358
